-299.093 -110.728 522.403 -49.786 -44.657 75.587
-302.382 -86.404 524.952 -52.427 -37.076 62.551
-291.400 -138.586 514.302 -51.213 -55.319 95.529
-286.664 -146.774 510.408 -53.563 -58.841 104.199
-372.120 -89.122 427.763 -20.811 35.348 136.779
-263.568 -127.089 422.782 -37.437 -13.004 122.142
-263.581 -127.049 422.790 -23.618 -32.383 87.734
-309.332 17.937 411.391 -32.937 -45.434 70.251
-393.398 86.266 467.803 -21.665 -47.451 62.091
-401.475 92.790 464.255 -51.039 -10.338 113.708
-399.041 4.010 432.606 -58.058 3.440 125.683
-343.302 -24.653 509.690 -55.142 -2.151 125.604
-418.845 -8.829 507.123 -85.813 15.451 147.189
