-430.297 -12.377 368.392 -65.367 -10.938 108.403
-430.297 -12.377 368.392 -65.367 -10.938 108.403
-416.086 -41.487 352.919 -76.079 -21.210 131.728
-403.121 -53.381 341.951 -83.818 -23.565 146.499
-317.972 -74.745 205.529 -87.280 4.234 125.044
-264.631 -179.331 277.375 -78.886 -8.787 144.899
-290.648 -177.962 321.320 -61.963 -31.059 138.877
-90.099 -285.471 314.026 -53.782 37.792 129.156
-108.513 -331.359 449.785 -36.258 36.855 144.164
-235.532 -346.866 372.065 -52.603 13.411 142.836
-271.167 -184.870 349.579 -60.076 29.894 140.042
